TX: 17:10:42	7E A0 0A 00 02 10 AB 03 93 14 68 7E
RX: 17:10:42	7E A0 23 03 00 02 10 AB 73 59 8F 81 80 14 05 02 02 00 06 02 02 00 07 04 00 00 00 01 08 04 00 00 00 01 6F EF 7E
TX: 17:10:42	7E A0 47 00 02 10 AB 03 10 CE 37 E6 E6 00 60 36 A1 09 06 07 60 85 74 05 08 01 01 8A 02 07 80 8B 07 60 85 74 05 08 02 01 AC 0A 80 08 31 32 33 34 35 36 37 38 BE 10 04 0E 01 00 00 00 06 5F 1F 04 00 00 1E 5D FF FF A9 FD 7E
RX: 17:10:43	7E A0 3A 03 00 02 10 AB 30 36 0B E6 E7 00 61 29 A1 09 06 07 60 85 74 05 08 01 01 A2 03 02 01 00 A3 05 A1 03 02 01 00 BE 10 04 0E 08 00 06 5F 1F 04 00 00 18 1D 01 FD 00 07 06 A3 7E
TX: 17:10:43	7E A0 1C 00 02 10 AB 03 32 93 31 E6 E6 00 C0 01 C1 00 0F 00 00 28 00 00 FF 02 00 91 53 7E
RX: 17:10:43	7E A1 E5 03 00 02 10 AB 52 BB 27 E6 E7 00 C4 02 C1 00 00 00 00 01 00 82 01 CA 01 81 82 02 04 12 00 01 11 00 09 06 00 00 2A 00 00 FF 02 02 01 02 02 03 0F 01 16 01 00 02 03 0F 02 16 01 00 01 00 02 04 12 00 01 11 00 09 06 00 00 2B 01 00 FF 02 02 01 02 02 03 0F 01 16 01 00 02 03 0F 02 16 01 00 01 00 02 04 12 00 01 11 00 09 06 00 00 2B 01 01 FF 02 02 01 02 02 03 0F 01 16 01 00 02 03 0F 02 16 01 00 01 00 02 04 12 00 01 11 00 09 06 00 00 2B 01 02 FF 02 02 01 02 02 03 0F 01 16 01 00 02 03 0F 02 16 01 00 01 00 02 04 12 00 01 11 00 09 06 00 00 5E 62 14 FF 02 02 01 02 02 03 0F 01 16 01 00 02 03 0F 02 16 03 00 01 00 02 04 12 00 01 11 00 09 06 00 00 5E 62 15 FF 02 02 01 02 02 03 0F 01 16 01 00 02 03 0F 02 16 03 00 01 00 02 04 12 00 01 11 00 09 06 00 00 60 01 00 FF 02 02 01 02 02 03 0F 01 16 01 00 02 03 0F 02 16 01 00 01 00 02 04 12 00 01 11 00 09 06 00 00 60 01 02 FF 02 02 01 02 02 03 0F 01 16 01 00 02 03 0F 02 16 03 00 01 00 02 04 12 00 01 11 00 09 06 00 00 60 01 03 FF 02 02 01 02 02 03 0F 01 16 01 00 02 03 0F 02 16 01 00 01 00 02 04 12 00 01 11 00 09 06 00 00 60 01 04 FF 02 02 01 02 02 03 0F 01 16 01 00 02 03 0F 02 16 03 00 01 00 02 04 12 00 01 11 00 09 06 00 00 60 02 00 FF 02 02 01 02 02 03 0F 01 16 01 00 02 03 0F 02 16 01 00 01 00 02 04 12 00 01 11 00 09 06 00 00 60 02 01 FF 02 02 01 02 02 03 0F 01 16 01 00 02 03 0F 02 16 01 00 01 00 02 04 12 00 01 11 00 09 06 00 00 60 07 00 FF 02 02 01 02 02 03 0F 01 16 01 00 02 03 0F 02 16 01 00 01 00 64 EA 7E
TX: 17:10:43	7E A0 16 00 02 10 AB 03 54 F4 DE E6 E6 00 C0 02 C1 00 00 00 01 51 BE 7E
RX: 17:10:44	7E A1 E2 03 00 02 10 AB 74 97 A4 E6 E7 00 C4 02 C1 00 00 00 00 02 00 82 01 C7 02 04 12 00 01 11 00 09 06 00 00 60 07 09 FF 02 02 01 02 02 03 0F 01 16 01 00 02 03 0F 02 16 01 00 01 00 02 04 12 00 01 11 00 09 06 00 00 60 0A 01 FF 02 02 01 02 02 03 0F 01 16 01 00 02 03 0F 02 16 01 00 01 00 02 04 12 00 01 11 00 09 06 00 00 60 0A 02 FF 02 02 01 02 02 03 0F 01 16 01 00 02 03 0F 02 16 01 00 01 00 02 04 12 00 01 11 00 09 06 00 00 60 0A 0A FF 02 02 01 02 02 03 0F 01 16 01 00 02 03 0F 02 16 01 00 01 00 02 04 12 00 01 11 00 09 06 00 00 60 0B 00 FF 02 02 01 02 02 03 0F 01 16 01 00 02 03 0F 02 16 01 00 01 00 02 04 12 00 01 11 00 09 06 00 00 60 0B 01 FF 02 02 01 02 02 03 0F 01 16 01 00 02 03 0F 02 16 01 00 01 00 02 04 12 00 01 11 00 09 06 00 00 60 0B 05 FF 02 02 01 02 02 03 0F 01 16 01 00 02 03 0F 02 16 01 00 01 00 02 04 12 00 01 11 00 09 06 00 00 60 0B 06 FF 02 02 01 02 02 03 0F 01 16 01 00 02 03 0F 02 16 01 00 01 00 02 04 12 00 01 11 00 09 06 00 00 60 0B 0A FF 02 02 01 02 02 03 0F 01 16 01 00 02 03 0F 02 16 01 00 01 00 02 04 12 00 01 11 00 09 06 00 00 60 0E 00 FF 02 02 01 02 02 03 0F 01 16 01 00 02 03 0F 02 16 01 00 01 00 02 04 12 00 01 11 00 09 06 00 00 60 0E 09 FF 02 02 01 02 02 03 0F 01 16 01 00 02 03 0F 02 16 03 00 01 00 02 04 12 00 01 11 00 09 06 00 00 60 14 05 FF 02 02 01 02 02 03 0F 01 16 01 00 02 03 0F 02 16 01 00 01 00 02 04 12 00 01 11 00 09 06 00 00 60 14 06 FF 02 02 01 02 02 03 0F 01 16 01 00 02 03 0F 02 16 01 00 01 00 98 3A 7E
TX: 17:10:44	7E A0 16 00 02 10 AB 03 76 E4 DC E6 E6 00 C0 02 C1 00 00 00 02 CA 8C 7E
RX: 17:10:45	7E A1 EE 03 00 02 10 AB 96 11 D1 E6 E7 00 C4 02 C1 00 00 00 00 03 00 82 01 D3 02 04 12 00 01 11 00 09 06 00 00 60 14 0F FF 02 02 01 02 02 03 0F 01 16 01 00 02 03 0F 02 16 01 00 01 00 02 04 12 00 01 11 00 09 06 00 00 60 14 12 FF 02 02 01 02 02 03 0F 01 16 01 00 02 03 0F 02 16 01 00 01 00 02 04 12 00 01 11 00 09 06 00 00 60 32 00 FF 02 02 01 02 02 03 0F 01 16 01 00 02 03 0F 02 16 03 00 01 00 02 04 12 00 01 11 00 09 06 00 00 60 5A 00 FF 02 02 01 02 02 03 0F 01 16 01 00 02 03 0F 02 16 01 00 01 00 02 04 12 00 01 11 00 09 06 01 00 00 00 00 FF 02 02 01 02 02 03 0F 01 16 01 00 02 03 0F 02 16 01 00 01 00 02 04 12 00 01 11 00 09 06 01 00 00 00 02 FF 02 02 01 02 02 03 0F 01 16 01 00 02 03 0F 02 16 01 00 01 00 02 04 12 00 01 11 00 09 06 01 00 00 02 00 FF 02 02 01 02 02 03 0F 01 16 01 00 02 03 0F 02 16 01 00 01 00 02 04 12 00 01 11 00 09 06 01 00 00 02 08 FF 02 02 01 02 02 03 0F 01 16 01 00 02 03 0F 02 16 01 00 01 00 02 04 12 00 01 11 00 09 06 01 00 01 25 00 FF 02 02 01 02 02 03 0F 01 16 01 00 02 03 0F 02 16 01 00 01 00 02 04 12 00 03 11 00 09 06 00 00 60 06 00 FF 02 02 01 03 02 03 0F 01 16 01 00 02 03 0F 02 16 01 00 02 03 0F 03 16 01 00 01 00 02 04 12 00 03 11 00 09 06 00 00 60 07 13 FF 02 02 01 03 02 03 0F 01 16 01 00 02 03 0F 02 16 01 00 02 03 0F 03 16 01 00 01 00 02 04 12 00 03 11 00 09 06 00 00 60 07 14 FF 02 02 01 03 02 03 0F 01 16 01 00 02 03 0F 02 16 03 00 02 03 0F 03 16 01 00 01 00 02 04 12 00 03 11 00 09 06 01 00 01 07 00 FF 02 02 01 03 02 03 0F 01 16 01 00 CB 0D 7E
TX: 17:10:45	7E A0 16 00 02 10 AB 03 98 94 D2 E6 E6 00 C0 02 C1 00 00 00 03 43 9D 7E
RX: 17:10:45	7E A1 F0 03 00 02 10 AB B8 85 2A E6 E7 00 C4 02 C1 00 00 00 00 04 00 82 01 D5 02 03 0F 02 16 01 00 02 03 0F 03 16 01 00 01 00 02 04 12 00 03 11 00 09 06 01 00 01 08 00 FF 02 02 01 03 02 03 0F 01 16 01 00 02 03 0F 02 16 01 00 02 03 0F 03 16 01 00 01 00 02 04 12 00 03 11 00 09 06 01 00 01 08 01 FF 02 02 01 03 02 03 0F 01 16 01 00 02 03 0F 02 16 01 00 02 03 0F 03 16 01 00 01 00 02 04 12 00 03 11 00 09 06 01 00 01 08 02 FF 02 02 01 03 02 03 0F 01 16 01 00 02 03 0F 02 16 01 00 02 03 0F 03 16 01 00 01 00 02 04 12 00 03 11 00 09 06 01 00 01 08 03 FF 02 02 01 03 02 03 0F 01 16 01 00 02 03 0F 02 16 01 00 02 03 0F 03 16 01 00 01 00 02 04 12 00 03 11 00 09 06 01 00 01 08 04 FF 02 02 01 03 02 03 0F 01 16 01 00 02 03 0F 02 16 01 00 02 03 0F 03 16 01 00 01 00 02 04 12 00 03 11 00 09 06 01 00 01 19 00 FF 02 02 01 03 02 03 0F 01 16 01 00 02 03 0F 02 16 01 00 02 03 0F 03 16 01 00 01 00 02 04 12 00 03 11 00 09 06 01 00 01 1D 00 FF 02 02 01 03 02 03 0F 01 16 01 00 02 03 0F 02 16 01 00 02 03 0F 03 16 01 00 01 00 02 04 12 00 03 11 00 09 06 01 00 01 23 00 FF 02 02 01 03 02 03 0F 01 16 01 00 02 03 0F 02 16 03 00 02 03 0F 03 16 01 00 01 00 02 04 12 00 03 11 00 09 06 01 00 02 07 00 FF 02 02 01 03 02 03 0F 01 16 01 00 02 03 0F 02 16 01 00 02 03 0F 03 16 01 00 01 00 02 04 12 00 03 11 00 09 06 01 00 02 08 00 FF 02 02 01 03 02 03 0F 01 16 01 00 02 03 0F 02 16 01 00 02 03 0F 03 16 01 00 01 00 02 04 12 00 03 11 00 09 06 01 00 02 08 01 FF 02 02 01 03 02 03 0F 01 16 01 00 02 03 0F 02 16 01 00 1F D2 7E
TX: 17:10:45	7E A0 16 00 02 10 AB 03 BA 84 D0 E6 E6 00 C0 02 C1 00 00 00 04 FC E9 7E
RX: 17:10:46	7E A1 F2 03 00 02 10 AB DA 2A 5D E6 E7 00 C4 02 C1 00 00 00 00 05 00 82 01 D7 02 03 0F 03 16 01 00 01 00 02 04 12 00 03 11 00 09 06 01 00 02 08 02 FF 02 02 01 03 02 03 0F 01 16 01 00 02 03 0F 02 16 01 00 02 03 0F 03 16 01 00 01 00 02 04 12 00 03 11 00 09 06 01 00 02 08 03 FF 02 02 01 03 02 03 0F 01 16 01 00 02 03 0F 02 16 01 00 02 03 0F 03 16 01 00 01 00 02 04 12 00 03 11 00 09 06 01 00 02 08 04 FF 02 02 01 03 02 03 0F 01 16 01 00 02 03 0F 02 16 01 00 02 03 0F 03 16 01 00 01 00 02 04 12 00 03 11 00 09 06 01 00 02 19 00 FF 02 02 01 03 02 03 0F 01 16 01 00 02 03 0F 02 16 01 00 02 03 0F 03 16 01 00 01 00 02 04 12 00 03 11 00 09 06 01 00 02 1D 00 FF 02 02 01 03 02 03 0F 01 16 01 00 02 03 0F 02 16 01 00 02 03 0F 03 16 01 00 01 00 02 04 12 00 03 11 00 09 06 01 00 03 08 00 FF 02 02 01 03 02 03 0F 01 16 01 00 02 03 0F 02 16 01 00 02 03 0F 03 16 01 00 01 00 02 04 12 00 03 11 00 09 06 01 00 03 08 01 FF 02 02 01 03 02 03 0F 01 16 01 00 02 03 0F 02 16 01 00 02 03 0F 03 16 01 00 01 00 02 04 12 00 03 11 00 09 06 01 00 03 08 02 FF 02 02 01 03 02 03 0F 01 16 01 00 02 03 0F 02 16 01 00 02 03 0F 03 16 01 00 01 00 02 04 12 00 03 11 00 09 06 01 00 03 08 03 FF 02 02 01 03 02 03 0F 01 16 01 00 02 03 0F 02 16 01 00 02 03 0F 03 16 01 00 01 00 02 04 12 00 03 11 00 09 06 01 00 03 08 04 FF 02 02 01 03 02 03 0F 01 16 01 00 02 03 0F 02 16 01 00 02 03 0F 03 16 01 00 01 00 02 04 12 00 03 11 00 09 06 01 00 04 08 00 FF 02 02 01 03 02 03 0F 01 16 01 00 02 03 0F 02 16 01 00 02 03 0F 03 16 01 00 01 00 92 0E 7E
TX: 17:10:46	7E A0 16 00 02 10 AB 03 DC B4 D6 E6 E6 00 C0 02 C1 00 00 00 05 75 F8 7E
RX: 17:10:46	7E A1 E9 03 00 02 10 AB FC 55 DA E6 E7 00 C4 02 C1 00 00 00 00 06 00 82 01 CE 02 04 12 00 03 11 00 09 06 01 00 04 08 01 FF 02 02 01 03 02 03 0F 01 16 01 00 02 03 0F 02 16 01 00 02 03 0F 03 16 01 00 01 00 02 04 12 00 03 11 00 09 06 01 00 04 08 02 FF 02 02 01 03 02 03 0F 01 16 01 00 02 03 0F 02 16 01 00 02 03 0F 03 16 01 00 01 00 02 04 12 00 03 11 00 09 06 01 00 04 08 03 FF 02 02 01 03 02 03 0F 01 16 01 00 02 03 0F 02 16 01 00 02 03 0F 03 16 01 00 01 00 02 04 12 00 03 11 00 09 06 01 00 04 08 04 FF 02 02 01 03 02 03 0F 01 16 01 00 02 03 0F 02 16 01 00 02 03 0F 03 16 01 00 01 00 02 04 12 00 03 11 00 09 06 01 00 0C 27 00 FF 02 02 01 03 02 03 0F 01 16 01 00 02 03 0F 02 16 03 00 02 03 0F 03 16 01 00 01 00 02 04 12 00 03 11 00 09 06 01 00 0C 2D 00 FF 02 02 01 03 02 03 0F 01 16 01 00 02 03 0F 02 16 03 00 02 03 0F 03 16 01 00 01 00 02 04 12 00 03 11 00 09 06 01 00 0D 07 00 FF 02 02 01 03 02 03 0F 01 16 01 00 02 03 0F 02 16 01 00 02 03 0F 03 16 01 00 01 00 02 04 12 00 03 11 00 09 06 01 00 0D 19 00 FF 02 02 01 03 02 03 0F 01 16 01 00 02 03 0F 02 16 01 00 02 03 0F 03 16 01 00 01 00 02 04 12 00 03 11 00 09 06 01 00 0D DF 00 FF 02 02 01 03 02 03 0F 01 16 01 00 02 03 0F 02 16 01 00 02 03 0F 03 16 01 00 01 00 02 04 12 00 03 11 00 09 06 01 00 0D E2 00 FF 02 02 01 03 02 03 0F 01 16 01 00 02 03 0F 02 16 01 00 02 03 0F 03 16 01 00 01 00 02 04 12 00 03 11 00 09 06 01 00 0E 07 00 FF 02 02 01 03 02 03 0F 01 16 01 00 02 03 0F 02 16 01 00 02 03 0F 03 16 01 00 01 00 C9 60 7E
TX: 17:10:46	7E A0 16 00 02 10 AB 03 FE A4 D4 E6 E6 00 C0 02 C1 00 00 00 06 EE CA 7E
RX: 17:10:47	7E A1 E9 03 00 02 10 AB 1E 49 1E E6 E7 00 C4 02 C1 00 00 00 00 07 00 82 01 CE 02 04 12 00 03 11 00 09 06 01 00 0F 07 00 FF 02 02 01 03 02 03 0F 01 16 01 00 02 03 0F 02 16 01 00 02 03 0F 03 16 01 00 01 00 02 04 12 00 03 11 00 09 06 01 00 0F 08 00 FF 02 02 01 03 02 03 0F 01 16 01 00 02 03 0F 02 16 01 00 02 03 0F 03 16 01 00 01 00 02 04 12 00 03 11 00 09 06 01 00 0F 08 01 FF 02 02 01 03 02 03 0F 01 16 01 00 02 03 0F 02 16 01 00 02 03 0F 03 16 01 00 01 00 02 04 12 00 03 11 00 09 06 01 00 0F 08 02 FF 02 02 01 03 02 03 0F 01 16 01 00 02 03 0F 02 16 01 00 02 03 0F 03 16 01 00 01 00 02 04 12 00 03 11 00 09 06 01 00 0F 08 03 FF 02 02 01 03 02 03 0F 01 16 01 00 02 03 0F 02 16 01 00 02 03 0F 03 16 01 00 01 00 02 04 12 00 03 11 00 09 06 01 00 0F 08 04 FF 02 02 01 03 02 03 0F 01 16 01 00 02 03 0F 02 16 01 00 02 03 0F 03 16 01 00 01 00 02 04 12 00 03 11 00 09 06 01 00 1F 07 00 FF 02 02 01 03 02 03 0F 01 16 01 00 02 03 0F 02 16 01 00 02 03 0F 03 16 01 00 01 00 02 04 12 00 03 11 00 09 06 01 00 1F 19 00 FF 02 02 01 03 02 03 0F 01 16 01 00 02 03 0F 02 16 01 00 02 03 0F 03 16 01 00 01 00 02 04 12 00 03 11 00 09 06 01 00 20 07 00 FF 02 02 01 03 02 03 0F 01 16 01 00 02 03 0F 02 16 01 00 02 03 0F 03 16 01 00 01 00 02 04 12 00 03 11 00 09 06 01 00 20 18 00 FF 02 02 01 03 02 03 0F 01 16 01 00 02 03 0F 02 16 01 00 02 03 0F 03 16 01 00 01 00 02 04 12 00 03 11 00 09 06 01 00 20 19 00 FF 02 02 01 03 02 03 0F 01 16 01 00 02 03 0F 02 16 01 00 02 03 0F 03 16 01 00 01 00 15 39 7E
TX: 17:10:47	7E A0 16 00 02 10 AB 03 10 D4 DA E6 E6 00 C0 02 C1 00 00 00 07 67 DB 7E
RX: 17:10:47	7E A1 F0 03 00 02 10 AB 30 C5 22 E6 E7 00 C4 02 C1 00 00 00 00 08 00 82 01 D5 02 04 12 00 03 11 00 09 06 01 00 20 DF 00 FF 02 02 01 03 02 03 0F 01 16 01 00 02 03 0F 02 16 01 00 02 03 0F 03 16 01 00 01 00 02 04 12 00 03 11 00 09 06 01 00 20 E2 00 FF 02 02 01 03 02 03 0F 01 16 01 00 02 03 0F 02 16 01 00 02 03 0F 03 16 01 00 01 00 02 04 12 00 03 11 00 09 06 01 00 51 07 04 FF 02 02 01 03 02 03 0F 01 16 01 00 02 03 0F 02 16 01 00 02 03 0F 03 16 01 00 01 00 02 04 12 00 04 11 00 09 06 01 00 0F 06 00 FF 02 02 01 05 02 03 0F 01 16 01 00 02 03 0F 02 16 01 00 02 03 0F 03 16 01 00 02 03 0F 04 16 00 00 02 03 0F 05 16 01 00 01 01 02 02 0F 01 16 01 02 04 12 00 04 11 00 09 06 01 00 0F 06 01 FF 02 02 01 05 02 03 0F 01 16 01 00 02 03 0F 02 16 01 00 02 03 0F 03 16 01 00 02 03 0F 04 16 00 00 02 03 0F 05 16 01 00 01 01 02 02 0F 01 16 01 02 04 12 00 04 11 00 09 06 01 00 0F 06 02 FF 02 02 01 05 02 03 0F 01 16 01 00 02 03 0F 02 16 01 00 02 03 0F 03 16 01 00 02 03 0F 04 16 00 00 02 03 0F 05 16 01 00 01 01 02 02 0F 01 16 01 02 04 12 00 04 11 00 09 06 01 00 0F 06 03 FF 02 02 01 05 02 03 0F 01 16 01 00 02 03 0F 02 16 01 00 02 03 0F 03 16 01 00 02 03 0F 04 16 00 00 02 03 0F 05 16 01 00 01 01 02 02 0F 01 16 01 02 04 12 00 04 11 00 09 06 01 00 0F 06 04 FF 02 02 01 05 02 03 0F 01 16 01 00 02 03 0F 02 16 01 00 02 03 0F 03 16 01 00 02 03 0F 04 16 00 00 02 03 0F 05 16 01 00 01 01 02 02 0F 01 16 01 02 04 12 00 04 11 00 09 06 01 00 0F 36 00 FF 02 02 01 05 02 03 0F 01 16 01 00 02 03 0F 02 16 01 00 5C 06 7E
TX: 17:10:47	7E A0 16 00 02 10 AB 03 32 C4 D8 E6 E6 00 C0 02 C1 00 00 00 08 90 23 7E
RX: 17:10:48	7E A1 EE 03 00 02 10 AB 52 39 51 E6 E7 00 C4 02 C1 00 00 00 00 09 00 82 01 D3 02 03 0F 03 16 01 00 02 03 0F 04 16 00 00 02 03 0F 05 16 01 00 01 01 02 02 0F 01 16 01 02 04 12 00 05 11 00 09 06 01 00 0F 04 00 FF 02 02 01 09 02 03 0F 01 16 01 00 02 03 0F 02 16 01 00 02 03 0F 03 16 01 00 02 03 0F 04 16 01 00 02 03 0F 05 16 00 00 02 03 0F 06 16 00 00 02 03 0F 07 16 00 00 02 03 0F 08 16 00 00 02 03 0F 09 16 00 00 01 00 02 04 12 00 07 11 01 09 06 00 00 15 00 00 FF 02 02 01 08 02 03 0F 01 16 01 00 02 03 0F 02 16 00 01 02 0F 01 0F 02 02 03 0F 03 16 03 00 02 03 0F 04 16 00 00 02 03 0F 05 16 00 00 02 03 0F 06 16 00 00 02 03 0F 07 16 00 00 02 03 0F 08 16 00 00 01 00 02 04 12 00 07 11 01 09 06 00 00 15 00 01 FF 02 02 01 08 02 03 0F 01 16 01 00 02 03 0F 02 16 00 01 02 0F 01 0F 02 02 03 0F 03 16 03 00 02 03 0F 04 16 03 00 02 03 0F 05 16 00 00 02 03 0F 06 16 00 00 02 03 0F 07 16 00 00 02 03 0F 08 16 00 00 01 00 02 04 12 00 07 11 01 09 06 00 00 15 00 02 FF 02 02 01 08 02 03 0F 01 16 01 00 02 03 0F 02 16 00 01 02 0F 01 0F 02 02 03 0F 03 16 03 00 02 03 0F 04 16 03 00 02 03 0F 05 16 00 00 02 03 0F 06 16 00 00 02 03 0F 07 16 00 00 02 03 0F 08 16 00 00 01 00 02 04 12 00 07 11 01 09 06 00 00 15 00 04 FF 02 02 01 08 02 03 0F 01 16 01 00 02 03 0F 02 16 00 01 02 0F 01 0F 02 02 03 0F 03 16 03 00 02 03 0F 04 16 00 00 02 03 0F 05 16 00 00 02 03 0F 06 16 00 00 02 03 0F 07 16 00 00 02 03 0F 08 16 00 00 01 00 02 04 12 00 07 11 01 09 06 00 00 15 00 05 FF 02 02 01 08 02 03 0F 01 16 01 00 18 4C 7E
TX: 17:10:48	7E A0 16 00 02 10 AB 03 54 F4 DE E6 E6 00 C0 02 C1 00 00 00 09 19 32 7E
RX: 17:10:48	7E A1 F4 03 00 02 10 AB 74 93 49 E6 E7 00 C4 02 C1 00 00 00 00 0A 00 82 01 D9 02 03 0F 02 16 01 01 02 0F 01 0F 02 02 03 0F 03 16 03 00 02 03 0F 04 16 00 00 02 03 0F 05 16 00 00 02 03 0F 06 16 00 00 02 03 0F 07 16 00 00 02 03 0F 08 16 01 00 01 01 02 02 0F 01 16 01 02 04 12 00 07 11 01 09 06 00 00 15 00 06 FF 02 02 01 08 02 03 0F 01 16 01 00 02 03 0F 02 16 01 01 02 0F 01 0F 02 02 03 0F 03 16 03 00 02 03 0F 04 16 00 00 02 03 0F 05 16 00 00 02 03 0F 06 16 00 00 02 03 0F 07 16 00 00 02 03 0F 08 16 01 00 01 01 02 02 0F 01 16 01 02 04 12 00 07 11 01 09 06 00 00 62 01 00 FF 02 02 01 08 02 03 0F 01 16 01 00 02 03 0F 02 16 01 01 02 0F 01 0F 02 02 03 0F 03 16 03 00 02 03 0F 04 16 01 00 02 03 0F 05 16 01 00 02 03 0F 06 16 00 00 02 03 0F 07 16 00 00 02 03 0F 08 16 00 00 01 01 02 02 0F 01 16 01 02 04 12 00 07 11 01 09 06 00 00 63 62 00 FF 02 02 01 08 02 03 0F 01 16 01 00 02 03 0F 02 16 01 01 02 0F 01 0F 02 02 03 0F 03 16 03 00 02 03 0F 04 16 01 00 02 03 0F 05 16 01 00 02 03 0F 06 16 00 00 02 03 0F 07 16 00 00 02 03 0F 08 16 00 00 01 01 02 02 0F 01 16 01 02 04 12 00 07 11 01 09 06 00 00 63 62 01 FF 02 02 01 08 02 03 0F 01 16 01 00 02 03 0F 02 16 01 01 02 0F 01 0F 02 02 03 0F 03 16 03 00 02 03 0F 04 16 01 00 02 03 0F 05 16 01 00 02 03 0F 06 16 00 00 02 03 0F 07 16 00 00 02 03 0F 08 16 00 00 01 01 02 02 0F 01 16 01 02 04 12 00 07 11 01 09 06 00 00 63 62 04 FF 02 02 01 08 02 03 0F 01 16 01 00 02 03 0F 02 16 01 01 02 0F 01 0F 02 02 03 0F 03 16 03 00 02 03 0F 04 16 00 00 02 03 0F 05 16 00 00 15 78 7E
TX: 17:10:48	7E A0 16 00 02 10 AB 03 76 E4 DC E6 E6 00 C0 02 C1 00 00 00 0A 82 00 7E
RX: 17:10:49	7E A1 F0 03 00 02 10 AB 96 F9 E2 E6 E7 00 C4 02 C1 00 00 00 00 0B 00 82 01 D5 02 03 0F 06 16 00 00 02 03 0F 07 16 00 00 02 03 0F 08 16 00 00 01 01 02 02 0F 01 16 01 02 04 12 00 07 11 01 09 06 00 00 63 62 05 FF 02 02 01 08 02 03 0F 01 16 01 00 02 03 0F 02 16 01 01 02 0F 01 0F 02 02 03 0F 03 16 03 00 02 03 0F 04 16 00 00 02 03 0F 05 16 00 00 02 03 0F 06 16 00 00 02 03 0F 07 16 00 00 02 03 0F 08 16 00 00 01 01 02 02 0F 01 16 01 02 04 12 00 07 11 01 09 06 00 00 63 62 07 FF 02 02 01 08 02 03 0F 01 16 01 00 02 03 0F 02 16 01 01 02 0F 01 0F 02 02 03 0F 03 16 03 00 02 03 0F 04 16 00 00 02 03 0F 05 16 00 00 02 03 0F 06 16 00 00 02 03 0F 07 16 00 00 02 03 0F 08 16 00 00 01 01 02 02 0F 01 16 01 02 04 12 00 07 11 01 09 06 01 00 63 01 00 FF 02 02 01 08 02 03 0F 01 16 01 00 02 03 0F 02 16 01 01 02 0F 01 0F 02 02 03 0F 03 16 03 00 02 03 0F 04 16 03 00 02 03 0F 05 16 00 00 02 03 0F 06 16 00 00 02 03 0F 07 16 00 00 02 03 0F 08 16 01 00 01 01 02 02 0F 01 16 01 02 04 12 00 07 11 01 09 06 01 00 63 02 00 FF 02 02 01 08 02 03 0F 01 16 01 00 02 03 0F 02 16 01 01 02 0F 01 0F 02 02 03 0F 03 16 03 00 02 03 0F 04 16 00 00 02 03 0F 05 16 00 00 02 03 0F 06 16 00 00 02 03 0F 07 16 00 00 02 03 0F 08 16 01 00 01 01 02 02 0F 01 16 01 02 04 12 00 07 11 01 09 06 01 00 63 61 00 FF 02 02 01 08 02 03 0F 01 16 01 00 02 03 0F 02 16 01 01 02 0F 01 0F 02 02 03 0F 03 16 03 00 02 03 0F 04 16 00 00 02 03 0F 05 16 00 00 02 03 0F 06 16 00 00 02 03 0F 07 16 00 00 02 03 0F 08 16 00 00 01 01 02 02 0F 01 16 01 B5 BB 7E
TX: 17:10:49	7E A0 16 00 02 10 AB 03 98 94 D2 E6 E6 00 C0 02 C1 00 00 00 0B 0B 11 7E
RX: 17:10:50	7E A1 EE 03 00 02 10 AB B8 6D 19 E6 E7 00 C4 02 C1 00 00 00 00 0C 00 82 01 D3 02 04 12 00 08 11 00 09 06 00 00 01 00 00 FF 02 02 01 09 02 03 0F 01 16 01 00 02 03 0F 02 16 03 00 02 03 0F 03 16 00 00 02 03 0F 04 16 00 00 02 03 0F 05 16 00 00 02 03 0F 06 16 00 00 02 03 0F 07 16 00 00 02 03 0F 08 16 03 00 02 03 0F 09 16 00 00 01 00 02 04 12 00 09 11 00 09 06 00 00 0A 00 00 FF 02 02 01 02 02 03 0F 01 16 01 00 02 03 0F 02 16 00 00 01 01 02 02 0F 01 16 00 02 04 12 00 09 11 00 09 06 00 00 0A 00 01 FF 02 02 01 02 02 03 0F 01 16 01 00 02 03 0F 02 16 00 00 01 01 02 02 0F 01 16 01 02 04 12 00 09 11 00 09 06 00 00 0A 00 64 FF 02 02 01 02 02 03 0F 01 16 01 00 02 03 0F 02 16 00 00 01 01 02 02 0F 01 16 01 02 04 12 00 09 11 00 09 06 00 00 0A 00 6B FF 02 02 01 02 02 03 0F 01 16 01 00 02 03 0F 02 16 00 00 01 01 02 02 0F 01 16 01 02 04 12 00 09 11 00 09 06 00 00 0A 02 00 FF 02 02 01 02 02 03 0F 01 16 01 00 02 03 0F 02 16 00 00 01 01 02 02 0F 01 16 01 02 04 12 00 09 11 00 09 06 00 00 0A 03 00 FF 02 02 01 02 02 03 0F 01 16 01 00 02 03 0F 02 16 00 00 01 01 02 02 0F 01 16 01 02 04 12 00 09 11 00 09 06 00 00 0A 04 00 FF 02 02 01 02 02 03 0F 01 16 01 00 02 03 0F 02 16 00 00 01 01 02 02 0F 01 16 01 02 04 12 00 0B 11 00 09 06 00 00 0B 00 00 FF 02 02 01 02 02 03 0F 01 16 01 00 02 03 0F 02 16 03 00 01 00 02 04 12 00 0B 11 00 09 06 00 00 0B 00 01 FF 02 02 01 02 02 03 0F 01 16 01 00 02 03 0F 02 16 03 00 01 00 02 04 12 00 0F 11 01 09 06 00 00 28 00 00 FF 02 02 01 09 02 03 0F 01 16 01 00 E6 A5 7E
TX: 17:10:50	7E A0 16 00 02 10 AB 03 BA 84 D0 E6 E6 00 C0 02 C1 00 00 00 0C B4 65 7E
RX: 17:10:50	7E A1 F1 03 00 02 10 AB DA 44 F5 E6 E7 00 C4 02 C1 00 00 00 00 0D 00 82 01 D6 02 03 0F 02 16 01 00 02 03 0F 03 16 01 00 02 03 0F 04 16 01 00 02 03 0F 05 16 01 00 02 03 0F 06 16 01 00 02 03 0F 07 16 02 00 02 03 0F 08 16 01 00 02 03 0F 09 16 01 00 01 04 02 02 0F 01 16 01 02 02 0F 02 16 00 02 02 0F 03 16 00 02 02 0F 04 16 00 02 04 12 00 11 11 00 09 06 00 00 29 00 00 FF 02 02 01 02 02 03 0F 01 16 01 00 02 03 0F 02 16 01 00 01 00 02 04 12 00 12 11 00 09 06 00 00 2C 00 00 FF 02 02 01 07 02 03 0F 01 16 01 00 02 03 0F 02 16 01 00 02 03 0F 03 16 01 00 02 03 0F 04 16 01 00 02 03 0F 05 16 03 00 02 03 0F 06 16 01 00 02 03 0F 07 16 01 00 01 04 02 02 0F 01 16 01 02 02 0F 02 16 01 02 02 0F 03 16 01 02 02 0F 04 16 01 02 04 12 00 13 11 00 09 06 00 00 14 00 00 FF 02 02 01 09 02 03 0F 01 16 01 00 02 03 0F 02 16 03 00 02 03 0F 03 16 01 00 02 03 0F 04 16 01 00 02 03 0F 05 16 01 00 02 03 0F 06 16 00 00 02 03 0F 07 16 00 00 02 03 0F 08 16 00 00 02 03 0F 09 16 00 00 01 00 02 04 12 00 13 11 00 09 06 00 02 14 00 00 FF 02 02 01 09 02 03 0F 01 16 01 00 02 03 0F 02 16 03 00 02 03 0F 03 16 01 00 02 03 0F 04 16 01 00 02 03 0F 05 16 01 00 02 03 0F 06 16 00 00 02 03 0F 07 16 00 00 02 03 0F 08 16 00 00 02 03 0F 09 16 00 00 01 00 02 04 12 00 14 11 00 09 06 00 00 0D 00 00 FF 02 02 01 0A 02 03 0F 01 16 01 00 02 03 0F 02 16 01 00 02 03 0F 03 16 01 00 02 03 0F 04 16 01 00 02 03 0F 05 16 01 00 02 03 0F 06 16 03 00 02 03 0F 07 16 03 00 02 03 0F 08 16 03 00 02 03 0F 09 16 03 00 02 03 0F 0A 16 03 00 01 01 D7 2B 7E
TX: 17:10:50	7E A0 16 00 02 10 AB 03 DC B4 D6 E6 E6 00 C0 02 C1 00 00 00 0D 3D 74 7E
RX: 17:10:51	7E A1 B3 03 00 02 10 AB FC CD 41 E6 E7 00 C4 02 C1 01 00 00 00 0E 00 82 01 98 02 02 0F 01 16 01 02 04 12 00 16 11 00 09 06 00 00 0F 00 00 FF 02 02 01 04 02 03 0F 01 16 01 00 02 03 0F 02 16 00 00 02 03 0F 03 16 00 00 02 03 0F 04 16 03 00 01 00 02 04 12 00 16 11 00 09 06 00 00 0F 00 02 FF 02 02 01 04 02 03 0F 01 16 01 00 02 03 0F 02 16 01 00 02 03 0F 03 16 03 00 02 03 0F 04 16 03 00 01 00 02 04 12 00 17 11 01 09 06 00 00 16 00 00 FF 02 02 01 09 02 03 0F 01 16 01 00 02 03 0F 02 16 03 00 02 03 0F 03 16 01 00 02 03 0F 04 16 01 00 02 03 0F 05 16 01 00 02 03 0F 06 16 01 00 02 03 0F 07 16 03 00 02 03 0F 08 16 03 00 02 03 0F 09 16 03 00 01 00 02 04 12 00 17 11 01 09 06 00 02 16 00 00 FF 02 02 01 09 02 03 0F 01 16 01 00 02 03 0F 02 16 03 00 02 03 0F 03 16 01 00 02 03 0F 04 16 01 00 02 03 0F 05 16 01 00 02 03 0F 06 16 01 00 02 03 0F 07 16 03 00 02 03 0F 08 16 03 00 02 03 0F 09 16 03 00 01 00 02 04 12 00 40 11 00 09 06 00 00 2B 00 00 FF 02 02 01 05 02 03 0F 01 16 01 00 02 03 0F 02 16 03 00 02 03 0F 03 16 01 00 02 03 0F 04 16 01 00 02 03 0F 05 16 01 00 01 02 02 02 0F 01 16 01 02 02 0F 02 16 01 02 04 12 00 40 11 00 09 06 00 00 2B 00 02 FF 02 02 01 05 02 03 0F 01 16 01 00 02 03 0F 02 16 03 00 02 03 0F 03 16 01 00 02 03 0F 04 16 01 00 02 03 0F 05 16 01 00 01 02 02 02 0F 01 16 01 02 02 0F 02 16 01 3D 12 7E
TX: 17:10:51	7E A0 1C 00 02 10 AB 03 FE F3 3D E6 E6 00 C0 01 C1 00 01 00 00 60 32 00 FF 02 00 94 69 7E
RX: 17:10:51	7E A0 15 03 00 02 10 AB 1E 3D B9 E6 E7 00 C4 01 C1 00 11 5A C4 B0 7E
Index: 2 Value: 90
TX: 17:10:51	7E A0 0A 00 02 10 AB 03 53 18 AE 7E
RX: 17:10:52	7E A0 23 03 00 02 10 AB 73 59 8F 81 80 14 05 02 02 00 06 02 02 00 07 04 00 00 00 01 08 04 00 00 00 01 6F EF 7E
